# Figure 4a

## 0 degree

### LES
x: [0.00016776 0.00020131 0.00023487 0.00026842 0.00030197 0.00033552
 0.00040263 0.00046973 0.00053684 0.00060394 0.00067119 0.00080543
 0.00093967 0.00107391 0.00120815 0.00134297 0.00161156 0.00188016
 0.00214875 0.00241734 0.00268826 0.00322591 0.00376356 0.00430121
 0.00483886 0.00538581 0.00646298 0.00754014 0.0086173  0.00969446
 0.01080903 0.01297083 0.01513264 0.01729444 0.01945625 0.02161806
 0.02594167 0.03026528 0.03458889 0.0389125  0.04323611 0.05188333
 0.06053056 0.06917778 0.077825   0.08647222 0.10376667 0.12106111
 0.13835556 0.15565   ]
y: [945.43209388 975.84940288 998.9904325  973.25116113 961.03487125
 982.35328232 992.07863769 965.86946229 958.20636605 938.38255823
 899.43273443 858.657552   860.03530752 821.67748116 703.56060746
 677.39176716 622.03884411 584.93430404 528.33425384 428.89481521
 332.45922583 185.77433496 131.54003432  79.4054583   51.78118408
  43.7366877   26.21233917  23.70626252  26.08687182  28.1815326
  36.19549797  48.47441677  50.53351093  44.17954328  34.61309057
  32.93950362  34.34925157  36.2212239   36.57202685  34.33821088
  35.70934799  38.15336695  36.70632443  36.25716815  35.98490679
  36.77798926  37.74061626  36.40786212  33.84263     33.19562658]

### Model
x: [0.00016776 0.00020131 0.00023487 0.00026842 0.00030197 0.00033552
 0.00040263 0.00046973 0.00053684 0.00060394 0.00067119 0.00080543
 0.00093967 0.00107391 0.00120815 0.00134297 0.00161156 0.00188016
 0.00214875 0.00241734 0.00268826 0.00322591 0.00376356 0.00430121
 0.00483886 0.00538581 0.00646298 0.00754014 0.0086173  0.00969446
 0.01080903 0.01297083 0.01513264 0.01729444 0.01945625 0.02161806
 0.02594167 0.03026528 0.03458889 0.0389125  0.04323611 0.05188333
 0.06053056 0.06917778 0.077825   0.08647222 0.10376667 0.12106111
 0.13835556 0.15565   ]
y: [1288.13515516 1285.04332046 1281.43732827 1277.30063077 1272.61450327
 1267.35878938 1255.05406676 1240.21563061 1222.67835418 1202.29435053
 1178.89054843 1122.99417262 1054.96416535  994.46606794  944.72749046
  892.43374131  783.7262985   673.57266935  567.32838272  469.35521866
  381.79387587  245.23947255  153.91359899   96.64968116   62.2827116
   42.18288884   26.11973586   24.46293473   28.5595852    34.80450911
   41.20377988   47.9220023    45.11712406   38.55764864   32.05932004
   29.86232138   35.35625313   37.63940334   37.34104145   35.48062909
   34.65293044   36.70094839   34.67389083   36.1490773    35.74562844
   35.7635476    35.49736769   35.32000127   35.27228049   35.44516706]
   
## 26 degree

### LES
x: [0.00016776 0.00020131 0.00023487 0.00026842 0.00030197 0.00033552
 0.00040263 0.00046973 0.00053684 0.00060394 0.00067119 0.00080543
 0.00093967 0.00107391 0.00120815 0.00134297 0.00161156 0.00188016
 0.00214875 0.00241734 0.00268826 0.00322591 0.00376356 0.00430121
 0.00483886 0.00538581 0.00646298 0.00754014 0.0086173  0.00969446
 0.01080903 0.01297083 0.01513264 0.01729444 0.01945625 0.02161806
 0.02594167 0.03026528 0.03458889 0.0389125  0.04323611 0.05188333
 0.06053056 0.06917778 0.077825   0.08647222 0.10376667 0.12106111
 0.13835556 0.15565   ]
y: [1105.86682266 1136.8359521  1158.56302472 1131.86782359 1137.72282493
 1148.76184902 1162.30673699 1155.94238946 1144.98597642 1115.76330388
 1079.49928033 1061.51081595 1042.42779117  991.27859603  830.69455293
  814.03627642  773.27159988  759.73546861  693.87519263  556.96650899
  447.86142755  267.12867135  179.38780164  112.02595393   77.40135146
   72.44650758   60.1973731    57.44644075   48.14413172   38.0333008
   37.45950195   35.23281459   34.95141401   34.46075398   36.63981717
   34.46509701   32.93775119   34.72939309   34.7043442    35.17767751
   36.13545872   35.55444283   34.7223278    35.60151436   36.9601852
   37.07439181   35.9065597    35.47811313   37.11094427   36.82319289]

### Model
x: [0.00016776 0.00020131 0.00023487 0.00026842 0.00030197 0.00033552
 0.00040263 0.00046973 0.00053684 0.00060394 0.00067119 0.00080543
 0.00093967 0.00107391 0.00120815 0.00134297 0.00161156 0.00188016
 0.00214875 0.00241734 0.00268826 0.00322591 0.00376356 0.00430121
 0.00483886 0.00538581 0.00646298 0.00754014 0.0086173  0.00969446
 0.01080903 0.01297083 0.01513264 0.01729444 0.01945625 0.02161806
 0.02594167 0.03026528 0.03458889 0.0389125  0.04323611 0.05188333
 0.06053056 0.06917778 0.077825   0.08647222 0.10376667 0.12106111
 0.13835556 0.15565   ]
y: [1287.7674178  1284.53618682 1280.77112339 1276.45635816 1271.57388023
 1266.104303   1253.32273712 1237.94842389 1219.82503994 1198.81464912
 1174.7537072  1117.50540647 1048.15378513  986.92949735  937.00449991
  884.67311575  776.30277197  666.97676418  561.98738477  465.64494335
  380.07259155  248.42192216  163.17631813  112.73508169   84.92599659
   69.87671344   55.42489096   45.16903594   36.94514682   32.73664827
   32.4868435    36.33714006   37.26067743   36.37935869   35.48840113
   35.4847129    36.38462375   35.54662548   36.13298128   35.92296999
   35.93841952   35.79154648   35.68906651   35.69913814   35.86283918
   36.10405822   36.27999673   36.02978173   35.8702864    35.80161079]

## 45 degree

### LES
x: [0.00016776 0.00020131 0.00023487 0.00026842 0.00030197 0.00033552
 0.00040263 0.00046973 0.00053684 0.00060394 0.00067119 0.00080543
 0.00093967 0.00107391 0.00120815 0.00134297 0.00161156 0.00188016
 0.00214875 0.00241734 0.00268826 0.00322591 0.00376356 0.00430121
 0.00483886 0.00538581 0.00646298 0.00754014 0.0086173  0.00969446
 0.01080903 0.01297083 0.01513264 0.01729444 0.01945625 0.02161806
 0.02594167 0.03026528 0.03458889 0.0389125  0.04323611 0.05188333
 0.06053056 0.06917778 0.077825   0.08647222 0.10376667 0.12106111
 0.13835556 0.15565   ]
y: [1019.71076678 1033.22709333 1051.74782742 1047.29155977 1041.78566421
 1054.09591372 1059.42969034 1039.81807201 1039.93568957 1009.65122511
  985.5143411   961.91525417  951.55046175  892.87184494  757.70542796
  759.62446683  717.17358525  704.66858351  647.24738101  521.47181477
  410.07746851  248.27341308  173.21607369  111.30799636   65.79673294
   57.97290732   39.78806642   37.38694081   40.16423504   47.12043571
   46.79045479   40.09186233   34.30274962   33.36210157   39.25114864
   37.59964387   36.81489814   37.75544776   36.97965852   39.05932073
   37.73640753   36.04526681   34.97584437   34.40906622   36.26418565
   36.59826503   36.21446913   38.90929196   40.03329972   37.9653464 ]

### Model
x: [0.00016776 0.00020131 0.00023487 0.00026842 0.00030197 0.00033552
 0.00040263 0.00046973 0.00053684 0.00060394 0.00067119 0.00080543
 0.00093967 0.00107391 0.00120815 0.00134297 0.00161156 0.00188016
 0.00214875 0.00241734 0.00268826 0.00322591 0.00376356 0.00430121
 0.00483886 0.00538581 0.00646298 0.00754014 0.0086173  0.00969446
 0.01080903 0.01297083 0.01513264 0.01729444 0.01945625 0.02161806
 0.02594167 0.03026528 0.03458889 0.0389125  0.04323611 0.05188333
 0.06053056 0.06917778 0.077825   0.08647222 0.10376667 0.12106111
 0.13835556 0.15565   ]
y: [1287.93678679 1284.76909159 1281.07608819 1276.8414447  1272.04667592
 1266.67190657 1254.09923424 1238.95607663 1221.081973   1200.33495825
 1176.54826665 1119.86426093 1051.07837345  990.19577647  940.41574453
  888.19605396  779.90871056  670.38365336  564.80964914  467.45553003
  380.45601046  245.01169275  155.08648391   99.62733864   67.41433101
   49.77387447   38.82592781   41.099426     45.58749147   47.40088865
   45.37674185   36.69253199   31.14284789   32.66235829   35.96556197
   37.43851721   36.80574206   34.80051287   35.82480776   36.53506861
   36.17619474   36.17190187   35.31204019   36.62087284   35.67972088
   36.20991905   35.51317686   35.7360773    36.05048355   36.47655166]


   
# Figure 4b

## 0 degree

### LES - single turbine
x: [0.00016776 0.00020131 0.00023487 0.00026842 0.00030197 0.00033552
 0.00040263 0.00046973 0.00053684 0.00060394 0.00067119 0.00080543
 0.00093967 0.00107391 0.00120815 0.00134297 0.00161156 0.00188016
 0.00214875 0.00241734 0.00268826 0.00322591 0.00376356 0.00430121
 0.00483886 0.00538581 0.00646298 0.00754014 0.0086173  0.00969446
 0.01080903 0.01297083 0.01513264 0.01729444 0.01945625 0.02161806
 0.02594167 0.03026528 0.03458889 0.0389125  0.04323611 0.05188333
 0.06053056 0.06917778 0.077825   0.08647222 0.10376667 0.12106111
 0.13835556 0.15565   ]
y: [1.53183571e+03 1.44886279e+03 1.39753921e+03 7.64380737e+02
 6.10654578e+02 5.89849785e+02 5.48615847e+02 4.74736854e+02
 3.44648317e+02 2.29234291e+02 1.60349174e+02 1.60270263e+02
 1.82006236e+02 1.79565761e+02 1.43858691e+02 1.29528532e+02
 8.67493093e+01 5.55415396e+01 4.13256333e+01 3.41393703e+01
 2.95319628e+01 2.21220667e+01 1.81280732e+01 1.58078336e+01
 1.43882380e+01 1.32047641e+01 1.13238532e+01 1.00641796e+01
 9.03428920e+00 7.91605445e+00 6.95287841e+00 5.25952826e+00
 4.00799372e+00 3.05930208e+00 2.38884883e+00 1.91091033e+00
 1.18210287e+00 7.69775466e-01 5.22872460e-01 3.67257195e-01
 2.81302570e-01 1.50773649e-01 8.41897888e-02 4.93077806e-02
 3.02729778e-02 2.12744498e-02 8.63662512e-03 3.83006018e-03
 1.98493695e-03 7.54645612e-04]

### LES - aggregate
x:  [0.00016776 0.00020131 0.00023487 0.00026842 0.00030197 0.00033552
 0.00040263 0.00046973 0.00053684 0.00060394 0.00067119 0.00080543
 0.00093967 0.00107391 0.00120815 0.00134297 0.00161156 0.00188016
 0.00214875 0.00241734 0.00268826 0.00322591 0.00376356 0.00430121
 0.00483886 0.00538581 0.00646298 0.00754014 0.0086173  0.00969446
 0.01080903 0.01297083 0.01513264 0.01729444 0.01945625 0.02161806
 0.02594167 0.03026528 0.03458889 0.0389125  0.04323611 0.05188333
 0.06053056 0.06917778 0.077825   0.08647222 0.10376667 0.12106111
 0.13835556 0.15565   ]
y: [1.44824664e+06 1.41387189e+06 1.39612830e+06 7.43934440e+05
 5.86860344e+05 5.79440872e+05 5.44270063e+05 4.58533830e+05
 3.30244211e+05 2.15109461e+05 1.44223296e+05 1.37617271e+05
 1.56531789e+05 1.47545142e+05 1.01213308e+05 8.77415611e+04
 5.39614401e+04 3.24881518e+04 2.18337476e+04 1.46421989e+04
 9.81817349e+03 4.10971222e+03 2.38456737e+03 1.25522827e+03
 7.45040002e+02 5.77532644e+02 2.96824681e+02 2.38584084e+02
 2.35676344e+02 2.23086547e+02 2.51662896e+02 2.54952565e+02
 2.02537994e+02 1.35158569e+02 8.26854409e+01 6.29444378e+01
 4.06043490e+01 2.78822095e+01 1.91225057e+01 1.26109550e+01
 1.00451314e+01 5.75252237e+00 3.09029770e+00 1.78776049e+00
 1.08937029e+00 7.82431484e-01 3.25951555e-01 1.39444303e-01
 6.71754869e-02 2.50509339e-02]

### Model
x: [0.00016776 0.00020131 0.00023487 0.00026842 0.00030197 0.00033552
 0.00040263 0.00046973 0.00053684 0.00060394 0.00067119 0.00080543
 0.00093967 0.00107391 0.00120815 0.00134297 0.00161156 0.00188016
 0.00214875 0.00241734 0.00268826 0.00322591 0.00376356 0.00430121
 0.00483886 0.00538581 0.00646298 0.00754014 0.0086173  0.00969446
 0.01080903 0.01297083 0.01513264 0.01729444 0.01945625 0.02161806
 0.02594167 0.03026528 0.03458889 0.0389125  0.04323611 0.05188333
 0.06053056 0.06917778 0.077825   0.08647222 0.10376667 0.12106111
 0.13835556 0.15565   ]
y: [1.97321143e+06 1.86185145e+06 1.79085891e+06 9.76343997e+05
 7.77127873e+05 7.47551309e+05 6.88542550e+05 5.88776067e+05
 4.21394037e+05 2.75607094e+05 1.89034126e+05 1.79982571e+05
 1.92010057e+05 1.78572056e+05 1.35907260e+05 1.15595632e+05
 6.79877151e+04 3.74112631e+04 2.34452047e+04 1.60234916e+04
 1.12751225e+04 5.42520396e+03 2.79015698e+03 1.52782208e+03
 8.96138480e+02 5.57015096e+02 2.95776055e+02 2.46199369e+02
 2.58015552e+02 2.75514389e+02 2.86484871e+02 2.52047125e+02
 1.80829150e+02 1.17959495e+02 7.65848691e+01 5.70642185e+01
 4.17947284e+01 2.89738892e+01 1.95246022e+01 1.30305163e+01
 9.74795841e+00 5.53353593e+00 2.91918755e+00 1.78243077e+00
 1.08212662e+00 7.60849796e-01 3.06577458e-01 1.35277730e-01
 7.00132530e-02 2.67485398e-02]

## 26 degree

### LES - single turbine
x: [0.00016776 0.00020131 0.00023487 0.00026842 0.00030197 0.00033552
 0.00040263 0.00046973 0.00053684 0.00060394 0.00067119 0.00080543
 0.00093967 0.00107391 0.00120815 0.00134297 0.00161156 0.00188016
 0.00214875 0.00241734 0.00268826 0.00322591 0.00376356 0.00430121
 0.00483886 0.00538581 0.00646298 0.00754014 0.0086173  0.00969446
 0.01080903 0.01297083 0.01513264 0.01729444 0.01945625 0.02161806
 0.02594167 0.03026528 0.03458889 0.0389125  0.04323611 0.05188333
 0.06053056 0.06917778 0.077825   0.08647222 0.10376667 0.12106111
 0.13835556 0.15565   ]
y: [3.36138970e+03 3.19658617e+03 3.00850601e+03 1.62424370e+03
 1.27155907e+03 1.26926161e+03 1.15476914e+03 1.02300846e+03
 7.39128576e+02 4.80352939e+02 3.40363045e+02 3.67607962e+02
 4.10355786e+02 4.05142340e+02 3.12627241e+02 2.80167939e+02
 1.80615856e+02 1.09585806e+02 7.66336569e+01 6.19285778e+01
 4.97183542e+01 3.24498848e+01 2.51092823e+01 2.06864949e+01
 1.76654500e+01 1.60029978e+01 1.34822379e+01 1.14928652e+01
 9.73486890e+00 8.57095833e+00 7.50709949e+00 5.98025311e+00
 4.68980788e+00 3.67513286e+00 2.86793888e+00 2.35284621e+00
 1.50295106e+00 9.89047030e-01 6.76444852e-01 4.73587400e-01
 3.64243197e-01 1.98577829e-01 1.13742517e-01 6.88125930e-02
 4.28135394e-02 3.06241486e-02 1.29964666e-02 6.02643539e-03
 3.26576686e-03 1.25668158e-03]

### LES - aggregate
x: [0.00016776 0.00020131 0.00023487 0.00026842 0.00030197 0.00033552
 0.00040263 0.00046973 0.00053684 0.00060394 0.00067119 0.00080543
 0.00093967 0.00107391 0.00120815 0.00134297 0.00161156 0.00188016
 0.00214875 0.00241734 0.00268826 0.00322591 0.00376356 0.00430121
 0.00483886 0.00538581 0.00646298 0.00754014 0.0086173  0.00969446
 0.01080903 0.01297083 0.01513264 0.01729444 0.01945625 0.02161806
 0.02594167 0.03026528 0.03458889 0.0389125  0.04323611 0.05188333
 0.06053056 0.06917778 0.077825   0.08647222 0.10376667 0.12106111
 0.13835556 0.15565   ]
y: [3.71724934e+06 3.63399408e+06 3.48554382e+06 1.83842918e+06
 1.44668178e+06 1.45807931e+06 1.34219595e+06 1.18253884e+06
 8.46291854e+05 5.35960182e+05 3.67421662e+05 3.90219827e+05
 4.27766275e+05 4.01608930e+05 2.59697746e+05 2.28066866e+05
 1.39665112e+05 8.32562234e+04 5.31741935e+04 3.44921438e+04
 2.22669331e+04 8.66829462e+03 4.50429895e+03 2.31742432e+03
 1.36732970e+03 1.15936130e+03 8.11595307e+02 6.60224199e+02
 4.68676810e+02 3.25981836e+02 2.81212208e+02 2.10701149e+02
 1.63915417e+02 1.26647849e+02 1.05080756e+02 8.10910728e+01
 4.95038281e+01 3.43490031e+01 2.34755750e+01 1.66597048e+01
 1.31620950e+01 7.06032407e+00 3.94940496e+00 2.44983252e+00
 1.58239634e+00 1.13537168e+00 4.66658404e-01 2.13806556e-01
 1.21195692e-01 4.62750283e-02]

### Model
x:  [0.00016776 0.00020131 0.00023487 0.00026842 0.00030197 0.00033552
 0.00040263 0.00046973 0.00053684 0.00060394 0.00067119 0.00080543
 0.00093967 0.00107391 0.00120815 0.00134297 0.00161156 0.00188016
 0.00214875 0.00241734 0.00268826 0.00322591 0.00376356 0.00430121
 0.00483886 0.00538581 0.00646298 0.00754014 0.0086173  0.00969446
 0.01080903 0.01297083 0.01513264 0.01729444 0.01945625 0.02161806
 0.02594167 0.03026528 0.03458889 0.0389125  0.04323611 0.05188333
 0.06053056 0.06917778 0.077825   0.08647222 0.10376667 0.12106111
 0.13835556 0.15565   ]
y: [4.32868813e+06 4.10613061e+06 3.85320762e+06 2.07327619e+06
 1.61688130e+06 1.60701758e+06 1.44729842e+06 1.26643171e+06
 9.01607545e+05 5.75854139e+05 3.99842749e+05 4.10803885e+05
 4.30115970e+05 3.99846926e+05 2.92933132e+05 2.47857044e+05
 1.40212590e+05 7.30911861e+04 4.30671484e+04 2.88367291e+04
 1.88965837e+04 8.06126276e+03 4.09724024e+03 2.33209369e+03
 1.50025595e+03 1.11823689e+03 7.47251568e+02 5.19121641e+02
 3.59656161e+02 2.80584448e+02 2.43881966e+02 2.17305295e+02
 1.74745418e+02 1.33698976e+02 1.01778565e+02 8.34900722e+01
 5.46843088e+01 3.51572844e+01 2.44419692e+01 1.70126660e+01
 1.30903248e+01 7.10740760e+00 4.05936425e+00 2.45655026e+00
 1.53541508e+00 1.10565604e+00 4.71511766e-01 2.17131152e-01
 1.17143993e-01 4.49912249e-02]

## 45 degree

### LES - single turbine
x: [0.00016776 0.00020131 0.00023487 0.00026842 0.00030197 0.00033552
 0.00040263 0.00046973 0.00053684 0.00060394 0.00067119 0.00080543
 0.00093967 0.00107391 0.00120815 0.00134297 0.00161156 0.00188016
 0.00214875 0.00241734 0.00268826 0.00322591 0.00376356 0.00430121
 0.00483886 0.00538581 0.00646298 0.00754014 0.0086173  0.00969446
 0.01080903 0.01297083 0.01513264 0.01729444 0.01945625 0.02161806
 0.02594167 0.03026528 0.03458889 0.0389125  0.04323611 0.05188333
 0.06053056 0.06917778 0.077825   0.08647222 0.10376667 0.12106111
 0.13835556 0.15565   ]
y: [2.37462483e+03 2.34715946e+03 2.20699018e+03 1.18787200e+03
 8.90317153e+02 9.25062694e+02 8.15826652e+02 7.31719841e+02
 5.54012004e+02 3.30663114e+02 2.52393984e+02 2.54026146e+02
 2.76855105e+02 2.86671350e+02 2.13893064e+02 1.91625414e+02
 1.24551571e+02 7.74820116e+01 5.84849355e+01 4.74574034e+01
 3.87861620e+01 2.69398247e+01 2.13958876e+01 1.77818643e+01
 1.57475841e+01 1.44328721e+01 1.21150605e+01 1.06298402e+01
 9.35960869e+00 8.03426792e+00 7.16225253e+00 5.56135398e+00
 4.22392228e+00 3.28238635e+00 2.56247078e+00 2.09504832e+00
 1.34288528e+00 8.93682064e-01 5.99024772e-01 4.16208484e-01
 3.18884530e-01 1.72093597e-01 9.80365665e-02 5.82843840e-02
 3.59247606e-02 2.55230736e-02 1.06513971e-02 4.79448653e-03
 2.50075331e-03 9.48501139e-04]

### LES - aggregate
x: [0.00016776 0.00020131 0.00023487 0.00026842 0.00030197 0.00033552
 0.00040263 0.00046973 0.00053684 0.00060394 0.00067119 0.00080543
 0.00093967 0.00107391 0.00120815 0.00134297 0.00161156 0.00188016
 0.00214875 0.00241734 0.00268826 0.00322591 0.00376356 0.00430121
 0.00483886 0.00538581 0.00646298 0.00754014 0.0086173  0.00969446
 0.01080903 0.01297083 0.01513264 0.01729444 0.01945625 0.02161806
 0.02594167 0.03026528 0.03458889 0.0389125  0.04323611 0.05188333
 0.06053056 0.06917778 0.077825   0.08647222 0.10376667 0.12106111
 0.13835556 0.15565   ]
y: [2.42143051e+06 2.42514875e+06 2.32119713e+06 1.24404832e+06
 9.27519647e+05 9.75104806e+05 8.64310977e+05 7.60855514e+05
 5.76136855e+05 3.33854419e+05 2.48737891e+05 2.44351625e+05
 2.63441603e+05 2.55960777e+05 1.62067936e+05 1.45563353e+05
 8.93250969e+04 5.45991393e+04 3.78542213e+04 2.47476983e+04
 1.59053311e+04 6.68844222e+03 3.70611165e+03 1.97926369e+03
 1.03613958e+03 8.36715559e+02 4.82034833e+02 3.97417207e+02
 3.75921523e+02 3.78578205e+02 3.35125053e+02 2.22965038e+02
 1.44892149e+02 1.09507307e+02 1.00579921e+02 7.87730706e+01
 4.94381846e+01 3.37413665e+01 2.21517315e+01 1.62568207e+01
 1.20335566e+01 6.20315962e+00 3.42891169e+00 2.00551123e+00
 1.30278219e+00 9.34100214e-01 3.85734692e-01 1.86550076e-01
 1.00113407e-01 3.60101743e-02]

### Model
x: [0.00016776 0.00020131 0.00023487 0.00026842 0.00030197 0.00033552
 0.00040263 0.00046973 0.00053684 0.00060394 0.00067119 0.00080543
 0.00093967 0.00107391 0.00120815 0.00134297 0.00161156 0.00188016
 0.00214875 0.00241734 0.00268826 0.00322591 0.00376356 0.00430121
 0.00483886 0.00538581 0.00646298 0.00754014 0.0086173  0.00969446
 0.01080903 0.01297083 0.01513264 0.01729444 0.01945625 0.02161806
 0.02594167 0.03026528 0.03458889 0.0389125  0.04323611 0.05188333
 0.06053056 0.06917778 0.077825   0.08647222 0.10376667 0.12106111
 0.13835556 0.15565   ]
y: [3.05836668e+06 3.01555793e+06 2.82732235e+06 1.51672420e+06
 1.13252498e+06 1.17175093e+06 1.02312758e+06 9.06568743e+05
 6.76494071e+05 3.96906496e+05 2.96953704e+05 2.84474802e+05
 2.90996413e+05 2.83860760e+05 2.01148405e+05 1.70200937e+05
 9.71388554e+04 5.19426740e+04 3.30328559e+04 2.21842257e+04
 1.47564284e+04 6.60057204e+03 3.31821298e+03 1.77155982e+03
 1.06161285e+03 7.18379966e+02 4.70378465e+02 4.36880331e+02
 4.26681081e+02 3.80831439e+02 3.24999684e+02 2.04060159e+02
 1.31544969e+02 1.07210479e+02 9.21607015e+01 7.84355024e+01
 4.94258891e+01 3.11005942e+01 2.14599473e+01 1.52062055e+01
 1.15360289e+01 6.22495270e+00 3.46187118e+00 2.13442501e+00
 1.28178543e+00 9.24188431e-01 3.78264949e-01 1.71336141e-01
 9.01533662e-02 3.45980508e-02]
